[gd_scene load_steps=33 format=3 uid="uid://c0xflb83f1cbs"]

[ext_resource type="Script" path="res://Actors/Player/player.gd" id="1_4fj6r"]
[ext_resource type="ArrayMesh" uid="uid://dpuwsmkmkht1o" path="res://ImportedMeshes/MainChar_Sphere_001.res" id="2_iknn1"]
[ext_resource type="Script" path="res://Actors/Player/Graphics.gd" id="2_owl68"]
[ext_resource type="Script" path="res://Actors/Player/MovementManager.gd" id="2_y4you"]
[ext_resource type="Script" path="res://Actors/Player/HealthManager.gd" id="3_aisr5"]
[ext_resource type="Animation" uid="uid://ca3bh0ptkmn36" path="res://ImportedAnimations/HugAttack.res" id="3_wx46s"]
[ext_resource type="Animation" uid="uid://bcyupasj1rqrv" path="res://ImportedAnimations/HugDie.res" id="4_ijqsw"]
[ext_resource type="Script" path="res://Actors/Player/InventoryManager.gd" id="4_mhff6"]
[ext_resource type="PackedScene" uid="uid://b64egidwvmty7" path="res://Weapons/bow_sword.tscn" id="5_0celj"]
[ext_resource type="Animation" uid="uid://blyiyjm40r2ay" path="res://ImportedAnimations/HugMove.res" id="5_cehip"]
[ext_resource type="Theme" uid="uid://bp04vpaom2klh" path="res://UI/HUDTheme.tres" id="6_au2dy"]
[ext_resource type="Animation" uid="uid://bhdwiulgtn1qv" path="res://ImportedAnimations/HugMove_001.res" id="6_lsx75"]
[ext_resource type="PackedScene" uid="uid://d4cejksayruif" path="res://Weapons/infernal_rifle.tscn" id="6_qq2u5"]
[ext_resource type="Script" path="res://Actors/Player/Hud.gd" id="6_rw728"]
[ext_resource type="Animation" uid="uid://lxo00suhfeu7" path="res://ImportedAnimations/KnightAttack.res" id="7_5vunc"]
[ext_resource type="PackedScene" uid="uid://ntwao512uw35" path="res://Weapons/godless_shotgun.tscn" id="7_yk85f"]
[ext_resource type="Animation" uid="uid://5iq0hfwlx4de" path="res://ImportedAnimations/Knightdle.res" id="8_fjkqv"]
[ext_resource type="Animation" uid="uid://dl7hnim3am6nq" path="res://ImportedAnimations/KnightMove.res" id="9_jlijw"]
[ext_resource type="Texture2D" uid="uid://63ag1ep5fo8c" path="res://Flats/crosshair dot 4.png" id="10_45ado"]
[ext_resource type="Animation" uid="uid://bpm85jd0b4dth" path="res://ImportedAnimations/PlayerDie.res" id="10_k6dvf"]
[ext_resource type="Animation" uid="uid://bqanr81cci4t1" path="res://ImportedAnimations/PlayerIdle.res" id="11_3w2pt"]
[ext_resource type="Script" path="res://Actors/Player/Pause.gd" id="11_dxj1q"]
[ext_resource type="Theme" uid="uid://drwwk0oxe1ywg" path="res://UI/TitleTheme.tres" id="11_pxail"]
[ext_resource type="Theme" uid="uid://cc0lqphl2dmyv" path="res://UI/ButtonTheme.tres" id="12_8u4cr"]
[ext_resource type="Animation" uid="uid://dnwl6rxaxwpx7" path="res://ImportedAnimations/PlayerMove.res" id="12_bqmn2"]

[sub_resource type="Skin" id="Skin_608gf"]
resource_name = "Skin"
bind_count = 14
bind/0/name = &"body"
bind/0/bone = -1
bind/0/pose = Transform3D(1, -1.26015e-08, -2.38085e-07, 8.88178e-16, 0.998602, -0.0528547, 2.38419e-07, 0.0528547, 0.998602, 6.48693e-08, -1.72197, -0.272082)
bind/1/name = &"Head"
bind/1/bone = -1
bind/1/pose = Transform3D(1, 1.28486e-08, -2.38072e-07, 1.77636e-15, 0.998547, 0.053891, 2.38419e-07, -0.053891, 0.998547, -1.94658e-08, -3.3141, 0.0816454)
bind/2/name = &"upperarrm.l"
bind/2/bone = -1
bind/2/pose = Transform3D(-0.415451, -0.909615, 8.94151e-08, 0.909615, -0.415452, -2.49572e-07, 2.59096e-07, -2.0047e-08, 1, 2.85582, 0.847477, -4.58322e-07)
bind/3/name = &"lowerarm.l"
bind/3/bone = -1
bind/3/pose = Transform3D(-0.51261, -0.858621, 7.63848e-08, 0.858621, -0.51261, -7.44049e-08, 9.79752e-08, 2.97497e-08, 1, 2.83018, 0.389492, -4.09405e-07)
bind/4/name = &"hand.l"
bind/4/bone = -1
bind/4/pose = Transform3D(-0.661622, -0.749838, -1.48048e-07, 0.749838, -0.661622, -9.42183e-08, -3.23695e-08, -1.71044e-07, 1, 2.82727, 0.277764, 2.69851e-07)
bind/5/name = &"upperleg.l"
bind/5/bone = -1
bind/5/pose = Transform3D(-0.994263, -0.106947, 0.000121601, 0.106088, -0.98642, -0.125379, 0.013522, -0.124646, 0.992103, 0.471534, 1.78731, 0.160108)
bind/6/name = &"lowerleg.l"
bind/6/bone = -1
bind/6/pose = Transform3D(-0.995659, -0.0930523, 5.97183e-06, 0.0930468, -0.995618, -0.00930742, 0.00086521, -0.0092646, 0.999951, 0.458146, 0.96112, 0.0496882)
bind/7/name = &"foot.l"
bind/7/bone = -1
bind/7/pose = Transform3D(-0.997258, -0.0727789, -0.0132325, -6.90756e-06, -0.178885, 0.983864, -0.0739719, 0.981174, 0.178395, 0.455619, 0.0710214, -0.0838174)
bind/8/name = &"upperarrm.r"
bind/8/bone = -1
bind/8/pose = Transform3D(-0.415452, 0.909615, -9.80169e-08, -0.909615, -0.415451, -2.50472e-07, -2.66981e-07, -7.26644e-09, 1, -2.85582, 0.847476, -4.99299e-07)
bind/9/name = &"lowerarm.r"
bind/9/bone = -1
bind/9/pose = Transform3D(-0.51261, 0.858622, -7.63848e-08, -0.858622, -0.51261, -7.41378e-08, -1.01239e-07, 3.52166e-08, 1, -2.83018, 0.389491, -4.2599e-07)
bind/10/name = &"hand.r"
bind/10/bone = -1
bind/10/pose = Transform3D(-0.661622, 0.749838, 1.48048e-07, -0.749838, -0.661622, -9.51253e-08, 2.81962e-08, -1.66314e-07, 1, -2.82727, 0.277763, 2.53453e-07)
bind/11/name = &"upperleg.r"
bind/11/bone = -1
bind/11/pose = Transform3D(-0.994262, 0.106947, -0.000121557, -0.106088, -0.98642, -0.125379, -0.0135215, -0.124646, 0.992103, -0.471534, 1.78731, 0.160109)
bind/12/name = &"lowerleg.r"
bind/12/bone = -1
bind/12/pose = Transform3D(-0.995659, 0.0930523, -5.97223e-06, -0.0930467, -0.995618, -0.00930765, -0.000864746, -0.00926466, 0.999951, -0.458146, 0.96112, 0.0496884)
bind/13/name = &"foot.r"
bind/13/bone = -1
bind/13/pose = Transform3D(-0.997258, 0.0727788, 0.0132325, 7.41513e-06, -0.178884, 0.983864, 0.0739718, 0.981174, 0.178395, -0.455619, 0.0710216, -0.0838174)

[sub_resource type="AnimationLibrary" id="AnimationLibrary_yylcj"]
_data = {
"HugAttack": ExtResource("3_wx46s"),
"HugDie": ExtResource("4_ijqsw"),
"HugMove": ExtResource("5_cehip"),
"HugMove_001": ExtResource("6_lsx75"),
"KnightAttack": ExtResource("7_5vunc"),
"KnightMove": ExtResource("9_jlijw"),
"Knightdle": ExtResource("8_fjkqv"),
"PlayerDie": ExtResource("10_k6dvf"),
"PlayerIdle": ExtResource("11_3w2pt"),
"PlayerMove": ExtResource("12_bqmn2")
}

[sub_resource type="CapsuleShape3D" id="CapsuleShape3D_l4i64"]
height = 4.0

[sub_resource type="Animation" id="Animation_7363p"]
length = 0.001
tracks/0/type = "value"
tracks/0/imported = false
tracks/0/enabled = true
tracks/0/path = NodePath("Camera:position")
tracks/0/interp = 1
tracks/0/loop_wrap = true
tracks/0/keys = {
"times": PackedFloat32Array(0),
"transitions": PackedFloat32Array(1),
"update": 0,
"values": [Vector3(0, 0.55, 0)]
}
tracks/1/type = "value"
tracks/1/imported = false
tracks/1/enabled = true
tracks/1/path = NodePath("Camera:rotation")
tracks/1/interp = 1
tracks/1/loop_wrap = true
tracks/1/keys = {
"times": PackedFloat32Array(0),
"transitions": PackedFloat32Array(1),
"update": 0,
"values": [Vector3(0, 0, 0)]
}

[sub_resource type="Animation" id="Animation_s0yaq"]
resource_name = "die"
length = 0.5
tracks/0/type = "value"
tracks/0/imported = false
tracks/0/enabled = true
tracks/0/path = NodePath("Camera:position")
tracks/0/interp = 1
tracks/0/loop_wrap = true
tracks/0/keys = {
"times": PackedFloat32Array(0, 0.5),
"transitions": PackedFloat32Array(1, 1),
"update": 0,
"values": [Vector3(0, 0.55, 0), Vector3(-0.549314, -0.899574, 0)]
}
tracks/1/type = "value"
tracks/1/imported = false
tracks/1/enabled = true
tracks/1/path = NodePath("Camera:rotation")
tracks/1/interp = 1
tracks/1/loop_wrap = true
tracks/1/keys = {
"times": PackedFloat32Array(0, 0.5),
"transitions": PackedFloat32Array(1, 1),
"update": 0,
"values": [Vector3(0, 0, 0), Vector3(0, 0, 1.8326)]
}

[sub_resource type="Animation" id="Animation_7mprl"]
resource_name = "intro"
length = 3.0
tracks/0/type = "value"
tracks/0/imported = false
tracks/0/enabled = true
tracks/0/path = NodePath("Camera:position")
tracks/0/interp = 1
tracks/0/loop_wrap = true
tracks/0/keys = {
"times": PackedFloat32Array(0, 3),
"transitions": PackedFloat32Array(1, 1),
"update": 0,
"values": [Vector3(0, 20.4151, 53.5734), Vector3(0, 2.55, -0.559392)]
}
tracks/1/type = "value"
tracks/1/imported = false
tracks/1/enabled = true
tracks/1/path = NodePath("Camera:rotation")
tracks/1/interp = 1
tracks/1/loop_wrap = true
tracks/1/keys = {
"times": PackedFloat32Array(0, 3),
"transitions": PackedFloat32Array(1, 1),
"update": 0,
"values": [Vector3(-0.54285, 0, 0), Vector3(0, 0, 0)]
}

[sub_resource type="AnimationLibrary" id="AnimationLibrary_gfxrh"]
_data = {
"RESET": SubResource("Animation_7363p"),
"die": SubResource("Animation_s0yaq"),
"intro": SubResource("Animation_7mprl")
}

[node name="Player" type="CharacterBody3D" groups=["daynighteffected", "player"]]
process_mode = 3
transform = Transform3D(1, 0, 0, 0, 1, 0, 0, 0, 1, 0, 1, 0)
collision_mask = 31
script = ExtResource("1_4fj6r")

[node name="Graphics" type="Node3D" parent="."]
script = ExtResource("2_owl68")
moveAnimationName = "PlayerMove"
idleAnimationName = "PlayerIdle"
dieAnimationName = "PlayerDie"

[node name="Armature" type="Node3D" parent="Graphics"]
transform = Transform3D(-1, 0, -8.74228e-08, 0, 1, 0, 8.74228e-08, 0, -1, 0, 0.845197, 0)

[node name="Skeleton3D" type="Skeleton3D" parent="Graphics/Armature"]
bones/0/name = "body"
bones/0/parent = -1
bones/0/rest = Transform3D(1, 4.44089e-16, 2.38419e-07, -1.26015e-08, 0.998602, 0.0528547, -2.38085e-07, -0.0528547, 0.998602, 2.12436e-18, -0.0994849, 0.180687)
bones/0/enabled = true
bones/0/position = Vector3(2.12436e-18, -0.0994849, 0.180687)
bones/0/rotation = Quaternion(-0.0264366, 1.19168e-07, -3.15149e-09, 0.999651)
bones/0/scale = Vector3(1, 1, 1)
bones/1/name = "Head"
bones/1/parent = 0
bones/1/rest = Transform3D(1, -2.54139e-08, 1.35834e-09, 2.54139e-08, 0.994303, -0.106594, 1.35835e-09, 0.106594, 0.994303, -5.32695e-15, 1.58195, 2.23517e-08)
bones/1/enabled = true
bones/1/position = Vector3(-5.32695e-15, 1.58195, 2.23517e-08)
bones/1/rotation = Quaternion(0.0533728, -3.55778e-15, 1.27251e-08, 0.998575)
bones/1/scale = Vector3(1, 1, 1)
bones/2/name = "upperarrm.l"
bones/2/parent = 0
bones/2/rest = Transform3D(-0.415452, 0.909615, 2.23517e-08, -0.908344, -0.414871, -0.0528547, -0.0480774, -0.0219586, 0.998602, 0.415577, 1.22369, -0.116171)
bones/2/enabled = true
bones/2/position = Vector3(0.415577, 1.22369, -0.116171)
bones/2/rotation = Quaternion(-0.0133833, -0.108938, -0.986542, 0.121198)
bones/2/scale = Vector3(1, 1, 1)
bones/3/name = "lowerarm.l"
bones/3/parent = 2
bones/3/rest = Transform3D(0.99398, 0.109562, 2.16422e-08, -0.109562, 0.99398, -1.67246e-07, -3.98357e-08, 1.63868e-07, 1, 2.38419e-07, 0.77041, -3.55271e-14)
bones/3/enabled = true
bones/3/position = Vector3(2.38419e-07, 0.77041, -3.55271e-14)
bones/3/rotation = Quaternion(0.579883, 0.148031, -0.367549, 0.71185)
bones/3/scale = Vector3(1, 1, 1)
bones/4/name = "hand.l"
bones/4/parent = 3
bones/4/rest = Transform3D(0.982981, 0.183708, 2.39222e-07, -0.183708, 0.982981, -8.98785e-09, -2.36802e-07, -3.51122e-08, 1, -5.96046e-08, 0.635849, 1.42109e-14)
bones/4/enabled = true
bones/4/position = Vector3(-5.96046e-08, 0.635849, 1.42109e-14)
bones/4/rotation = Quaternion(0.000252617, 0.00596738, -0.352236, 0.935892)
bones/4/scale = Vector3(1, 1, 1)
bones/5/name = "upperleg.l"
bones/5/parent = 0
bones/5/rest = Transform3D(-0.994267, 0.106088, 0.0135254, -0.106803, -0.978415, -0.176911, -0.0055346, -0.17734, 0.98414, 0.277051, 0.10545, -0.110079)
bones/5/enabled = true
bones/5/position = Vector3(0.277051, 0.10545, -0.110079)
bones/5/rotation = Quaternion(-0.00200856, 0.0890444, -0.994587, 0.0535124)
bones/5/scale = Vector3(1, 1, 1.00001)
bones/6/name = "lowerleg.l"
bones/6/parent = 5
bones/6/rest = Transform3D(0.999902, 0.013963, 0.000245601, -0.01384, 0.993136, -0.116141, -0.00186559, 0.116126, 0.993233, 2.68301e-10, 0.844901, -1.39698e-09)
bones/6/enabled = true
bones/6/position = Vector3(2.68301e-10, 0.844901, -1.39698e-09)
bones/6/rotation = Quaternion(0.0581667, 0.000528707, -0.00696272, 0.998282)
bones/6/scale = Vector3(1, 1, 1)
bones/7/name = "foot.l"
bones/7/parent = 6
bones/7/rest = Transform3D(0.999706, 0.0166517, -0.0176484, -0.0202102, 0.168945, -0.985418, -0.0134273, 0.985485, 0.169232, -4.33086e-08, 0.875734, -2.24099e-09)
bones/7/enabled = true
bones/7/position = Vector3(-4.33086e-08, 0.875734, -2.24099e-09)
bones/7/rotation = Quaternion(0.644501, -0.00138034, -0.0120541, 0.764507)
bones/7/scale = Vector3(1, 1, 1)
bones/8/name = "upperarrm.r"
bones/8/parent = 0
bones/8/rest = Transform3D(-0.415452, -0.909615, -5.08502e-07, 0.908344, -0.414871, -0.0528547, 0.0480772, -0.021959, 0.998602, -0.415577, 1.22369, -0.116172)
bones/8/enabled = true
bones/8/position = Vector3(-0.415577, 1.22369, -0.116172)
bones/8/rotation = Quaternion(-0.0517788, 0.416166, 0.900867, 0.112084)
bones/8/scale = Vector3(1, 1, 1)
bones/9/name = "lowerarm.r"
bones/9/parent = 8
bones/9/rest = Transform3D(0.99398, -0.109562, -3.02146e-08, 0.109562, 0.99398, -1.68411e-07, 4.84842e-08, 1.64087e-07, 1, -1.49012e-07, 0.77041, 3.55271e-15)
bones/9/enabled = true
bones/9/position = Vector3(-1.49012e-07, 0.77041, 3.55271e-15)
bones/9/rotation = Quaternion(-0.0845186, 0.433223, 0.382337, 0.811784)
bones/9/scale = Vector3(1, 1, 1)
bones/10/name = "hand.r"
bones/10/parent = 9
bones/10/rest = Transform3D(0.982981, -0.183708, -2.39389e-07, 0.183708, 0.982981, -7.82913e-09, 2.36753e-07, -3.62819e-08, 1, 2.38419e-07, 0.635849, 1.42109e-14)
bones/10/enabled = true
bones/10/position = Vector3(2.38419e-07, 0.635849, 1.42109e-14)
bones/10/rotation = Quaternion(-7.14364e-09, -1.19545e-07, 0.0922476, 0.995736)
bones/10/scale = Vector3(1, 1, 1)
bones/11/name = "upperleg.r"
bones/11/parent = 0
bones/11/rest = Transform3D(-0.994267, -0.106088, -0.0135256, 0.106803, -0.978415, -0.176911, 0.00553439, -0.17734, 0.98414, -0.277051, 0.10545, -0.110079)
bones/11/enabled = true
bones/11/position = Vector3(-0.277051, 0.10545, -0.110079)
bones/11/rotation = Quaternion(-0.00200866, -0.0890444, 0.994587, 0.0535124)
bones/11/scale = Vector3(1, 1, 1.00001)
bones/12/name = "lowerleg.r"
bones/12/parent = 11
bones/12/rest = Transform3D(0.999902, -0.013963, -0.00024556, 0.01384, 0.993136, -0.116141, 0.00186555, 0.116126, 0.993233, 5.39603e-09, 0.844901, 1.67638e-08)
bones/12/enabled = true
bones/12/position = Vector3(5.39603e-09, 0.844901, 1.67638e-08)
bones/12/rotation = Quaternion(0.0581667, -0.000528686, 0.00696272, 0.998282)
bones/12/scale = Vector3(1, 1, 1)
bones/13/name = "foot.r"
bones/13/parent = 12
bones/13/rest = Transform3D(0.999706, -0.0166517, 0.0176484, 0.0202102, 0.168945, -0.985418, 0.0134273, 0.985485, 0.169232, 1.25948e-08, 0.875734, 2.09548e-09)
bones/13/enabled = true
bones/13/position = Vector3(1.25948e-08, 0.875734, 2.09548e-09)
bones/13/rotation = Quaternion(0.644501, 0.00138035, 0.0120541, 0.764507)
bones/13/scale = Vector3(1, 1, 1)

[node name="PumpkinMan" type="MeshInstance3D" parent="Graphics/Armature/Skeleton3D"]
mesh = ExtResource("2_iknn1")
skin = SubResource("Skin_608gf")

[node name="AnimationPlayer" type="AnimationPlayer" parent="Graphics"]
autoplay = "PlayerIdle"
libraries = {
"": SubResource("AnimationLibrary_yylcj")
}

[node name="CollisionShape3D" type="CollisionShape3D" parent="."]
transform = Transform3D(1, 0, 0, 0, 1, 0, 0, 0, 1, 0, 1, 0)
shape = SubResource("CapsuleShape3D_l4i64")

[node name="Camera" type="Camera3D" parent="."]
transform = Transform3D(1, 0, 0, 0, 1, 0, 0, 0, 1, 0, 0.55, 0)

[node name="AnimationPlayer" type="AnimationPlayer" parent="Camera"]
root_node = NodePath("../..")
autoplay = "intro"
libraries = {
"": SubResource("AnimationLibrary_gfxrh")
}

[node name="MovementManager" type="Node3D" parent="."]
script = ExtResource("2_y4you")
speed = 30

[node name="HealthManager" type="Node3D" parent="."]
script = ExtResource("3_aisr5")

[node name="InventoryManager" type="Node3D" parent="." groups=["daynighteffected"]]
transform = Transform3D(-1, 0, -8.74228e-08, 0, 1, 0, 8.74228e-08, 0, -1, 0, 2.37194, 0)
script = ExtResource("4_mhff6")

[node name="BowSword" parent="InventoryManager" instance=ExtResource("5_0celj")]
automatic = true
ammo = 300
attack_rate_day = 0.2

[node name="InfernalRifle" parent="InventoryManager" instance=ExtResource("6_qq2u5")]
visible = false
unlocked = false
unlockedSouls = 10

[node name="GodlessShotgun" parent="InventoryManager" instance=ExtResource("7_yk85f")]
visible = false
unlocked = false
unlockedSouls = 5

[node name="Hud" type="Control" parent="." groups=["HUD"]]
layout_mode = 3
anchors_preset = 15
anchor_right = 1.0
anchor_bottom = 1.0
grow_horizontal = 2
grow_vertical = 2
script = ExtResource("6_rw728")

[node name="HealthLabel" type="Label" parent="Hud"]
layout_mode = 1
anchors_preset = 2
anchor_top = 1.0
anchor_bottom = 1.0
offset_top = -39.0
offset_right = 186.0
grow_vertical = 0
theme = ExtResource("6_au2dy")
text = "HEALTH:100
"

[node name="SoulsLabel" type="Label" parent="Hud"]
layout_mode = 1
anchors_preset = 1
anchor_left = 1.0
anchor_right = 1.0
offset_left = -118.0
offset_bottom = 39.0
grow_horizontal = 0
theme = ExtResource("6_au2dy")
text = "Souls:0"

[node name="AmmoLabel" type="Label" parent="Hud"]
layout_mode = 1
anchors_preset = 3
anchor_left = 1.0
anchor_top = 1.0
anchor_right = 1.0
anchor_bottom = 1.0
offset_left = -51.0
offset_top = -26.0
grow_horizontal = 0
grow_vertical = 0
theme = ExtResource("6_au2dy")
text = "Ammo:9000"

[node name="SituationText" type="Label" parent="Hud"]
layout_mode = 1
anchors_preset = -1
anchor_left = 0.5
anchor_top = 0.2
anchor_right = 0.5
anchor_bottom = 0.5
offset_left = -20.0
offset_right = 20.0
offset_bottom = 23.0
grow_horizontal = 2
theme = ExtResource("6_au2dy")
metadata/_edit_use_anchors_ = true

[node name="RestartLabel" type="Label" parent="Hud"]
visible = false
layout_mode = 1
anchors_preset = 8
anchor_left = 0.5
anchor_top = 0.5
anchor_right = 0.5
anchor_bottom = 0.5
offset_left = -20.0
offset_top = -11.5
offset_right = 20.0
offset_bottom = 11.5
grow_horizontal = 2
grow_vertical = 2
theme = ExtResource("6_au2dy")
text = "press R to RESTART
"

[node name="TextureRect" type="TextureRect" parent="Hud"]
layout_mode = 1
anchors_preset = 8
anchor_left = 0.5
anchor_top = 0.5
anchor_right = 0.5
anchor_bottom = 0.5
offset_left = -20.0
offset_top = -20.0
offset_right = 20.0
offset_bottom = 20.0
grow_horizontal = 2
grow_vertical = 2
texture = ExtResource("10_45ado")

[node name="ResetTimer" type="Timer" parent="Hud"]
wait_time = 5.0
one_shot = true

[node name="Pause" type="Control" parent="."]
process_mode = 3
visible = false
layout_mode = 3
anchors_preset = 15
anchor_right = 1.0
anchor_bottom = 1.0
grow_horizontal = 2
grow_vertical = 2
size_flags_horizontal = 4
script = ExtResource("11_dxj1q")
metadata/_edit_use_anchors_ = true

[node name="HBoxContainer" type="VBoxContainer" parent="Pause"]
layout_mode = 1
anchors_preset = 15
anchor_right = 1.0
anchor_bottom = 1.0
grow_horizontal = 2
grow_vertical = 2
theme_override_constants/separation = 60
alignment = 1

[node name="Label" type="Label" parent="Pause/HBoxContainer"]
layout_mode = 2
size_flags_horizontal = 4
theme = ExtResource("11_pxail")
text = "Paused"
horizontal_alignment = 1
vertical_alignment = 1
metadata/_edit_use_anchors_ = true

[node name="StartButton" type="Button" parent="Pause/HBoxContainer"]
layout_mode = 2
size_flags_horizontal = 4
theme = ExtResource("12_8u4cr")
text = "RESTART"

[node name="QuitButton" type="Button" parent="Pause/HBoxContainer"]
layout_mode = 2
size_flags_horizontal = 4
size_flags_vertical = 4
theme = ExtResource("12_8u4cr")
text = "QUIT"

[connection signal="animation_finished" from="Camera/AnimationPlayer" to="." method="_on_animation_player_animation_finished"]
[connection signal="healthChanged" from="HealthManager" to="." method="_on_health_manager_health_changed"]
[connection signal="signalDead" from="HealthManager" to="Hud" method="_on_health_manager_signal_dead"]
[connection signal="displayUnlockText" from="InventoryManager" to="Hud" method="_on_inventory_manager_display_unlock_text"]
[connection signal="update_ammo_display" from="InventoryManager" to="." method="_on_inventory_manager_update_ammo_display"]
[connection signal="timeout" from="Hud/ResetTimer" to="Hud" method="_on_timer_timeout"]
[connection signal="pressed" from="Pause/HBoxContainer/StartButton" to="Pause" method="_on_start_button_pressed"]
[connection signal="pressed" from="Pause/HBoxContainer/QuitButton" to="Pause" method="_on_quit_button_pressed"]
